version https://git-lfs.github.com/spec/v1
oid sha256:ddd9ef1e16e9256b5b6ba5348c9ae894783c6c0c3da2cfb7909e0ecc7cb303cd
size 4541
